{
  "advancedEditorSelectedIdentifier" : "ProjectBrowser",
  "openSceneRelativePaths" : [
    "Scene.usda"
  ],
  "recentIdentifiers" : {
    "90C576A0-F90A-43B8-9998-14918A66F863" : [

    ]
  },
  "sceneCameraHistory" : {
    "90C576A0-F90A-43B8-9998-14918A66F863" : [
      {
        "date" : 709242548.54283404,
        "title" : "Untitled",
        "transform" : [
          0.89407044649124146,
          -2.2112505604354737e-08,
          0.44792646169662476,
          0,
          0.14499107003211975,
          0.94616186618804932,
          -0.28940510749816895,
          0,
          -0.42381107807159424,
          0.32369375228881836,
          0.84593534469604492,
          0,
          -0.49227720499038696,
          0.48052245378494263,
          1.4636538028717041,
          1
        ]
      },
      {
        "date" : 709242528.43773496,
        "title" : "Untitled",
        "transform" : [
          0.89407044649124146,
          -2.2112505604354737e-08,
          0.44792646169662476,
          0,
          0.14499107003211975,
          0.94616186618804932,
          -0.28940510749816895,
          0,
          -0.42381107807159424,
          0.32369375228881836,
          0.84593534469604492,
          0,
          0.20117592811584473,
          1.0883803367614746,
          2.8258695602416992,
          1
        ]
      },
      {
        "date" : 709242226.75360203,
        "title" : "Untitled",
        "transform" : [
          0.91948831081390381,
          -1.2641779179034529e-08,
          -0.39311745762825012,
          0,
          0.047643274068832397,
          0.99262893199920654,
          0.11143594235181808,
          0,
          0.39021962881088257,
          -0.12119358032941818,
          0.91271060705184937,
          0,
          24.118799209594727,
          -2.9047956466674805,
          34.042869567871094,
          1
        ]
      },
      {
        "date" : 709242203.08538699,
        "title" : "Untitled",
        "transform" : [
          0.9880557656288147,
          -1.5327765723327502e-08,
          -0.15409688651561737,
          0,
          -0.023325277492403984,
          0.98847758769989014,
          -0.14955969154834747,
          0,
          0.1523212194442749,
          0.15136753022670746,
          0.97667092084884644,
          0,
          8.2829961776733398,
          5.5217704772949219,
          51.498336791992188,
          1
        ]
      },
      {
        "date" : 709242193.05075002,
        "title" : "Untitled",
        "transform" : [
          0.9880557656288147,
          -1.5327765723327502e-08,
          -0.15409688651561737,
          0,
          -0.023325277492403984,
          0.98847758769989014,
          -0.14955969154834747,
          0,
          0.1523212194442749,
          0.15136753022670746,
          0.97667092084884644,
          0,
          0.74880433082580566,
          0.49918243288993835,
          4.6555838584899902,
          1
        ]
      },
      {
        "date" : 709242184.89032102,
        "title" : "Untitled",
        "transform" : [
          0.9880557656288147,
          -1.5327765723327502e-08,
          -0.15409688651561737,
          0,
          -0.023325277492403984,
          0.98847758769989014,
          -0.14955969154834747,
          0,
          0.1523212194442749,
          0.15136753022670746,
          0.97667092084884644,
          0,
          0.53387057781219482,
          0.57848984003067017,
          3.2208685874938965,
          1
        ]
      },
      {
        "date" : 709242179.73778105,
        "title" : "Untitled",
        "transform" : [
          -0.996956467628479,
          -1.3817202493271452e-08,
          0.077959969639778137,
          0,
          0.014082855544984341,
          0.98354887962341309,
          0.18009229004383087,
          0,
          -0.076677419245243073,
          0.18064194917678833,
          -0.98055553436279297,
          0,
          -0.3410041332244873,
          0.7477564811706543,
          -8.1484575271606445,
          1
        ]
      },
      {
        "date" : 709242155.93036699,
        "title" : "Untitled",
        "transform" : [
          -0.996956467628479,
          -1.3817202493271452e-08,
          0.077959969639778137,
          0,
          0.014082855544984341,
          0.98354887962341309,
          0.18009229004383087,
          0,
          -0.076677411794662476,
          0.18064193427562714,
          -0.98055541515350342,
          0,
          -0.81811219453811646,
          2.3823738098144531,
          -20.590583801269531,
          1
        ]
      },
      {
        "date" : 709236226.53218699,
        "title" : "Untitled",
        "transform" : [
          -0.96914470195770264,
          -1.3652498687122261e-08,
          0.2464924156665802,
          0,
          0.014097879640758038,
          0.99836307764053345,
          0.055429209023714066,
          0,
          -0.246088907122612,
          0.057193811982870102,
          -0.96755832433700562,
          0,
          -4.3440818786621094,
          -0.19133283197879791,
          -20.283231735229492,
          1
        ]
      },
      {
        "date" : 709236206.76285994,
        "title" : "Untitled",
        "transform" : [
          -0.96914470195770264,
          -1.3652498687122261e-08,
          0.2464924156665802,
          0,
          0.014097879640758038,
          0.99836307764053345,
          0.055429209023714066,
          0,
          -0.246088907122612,
          0.057193811982870102,
          -0.96755832433700562,
          0,
          -3.8883132934570312,
          -0.17125873267650604,
          -18.155172348022461,
          1
        ]
      }
    ]
  },
  "selectedSceneRelativePath" : "Scene.usda"
}